(kicad_pcb (version 20171130) (host pcbnew 5.0.0-fee4fd1~66~ubuntu18.04.1)

  (general
    (thickness 1.6)
    (drawings 49)
    (tracks 501)
    (zones 0)
    (modules 20)
    (nets 66)
  )

  (page A4)
  (title_block
    (title "Rigado BMD340 Testing Board")
    (date 2018-08-02)
    (rev 1)
  )

  (layers
    (0 F.Cu signal)
    (31 B.Cu signal)
    (32 B.Adhes user)
    (33 F.Adhes user)
    (34 B.Paste user)
    (35 F.Paste user)
    (36 B.SilkS user)
    (37 F.SilkS user)
    (38 B.Mask user)
    (39 F.Mask user)
    (40 Dwgs.User user)
    (41 Cmts.User user)
    (42 Eco1.User user)
    (43 Eco2.User user)
    (44 Edge.Cuts user)
    (45 Margin user)
    (46 B.CrtYd user)
    (47 F.CrtYd user)
    (48 B.Fab user)
    (49 F.Fab user hide)
  )

  (setup
    (last_trace_width 0.25)
    (trace_clearance 0.127)
    (zone_clearance 0.508)
    (zone_45_only no)
    (trace_min 0.2)
    (segment_width 0.2)
    (edge_width 0.15)
    (via_size 0.6)
    (via_drill 0.3)
    (via_min_size 0.6)
    (via_min_drill 0.3)
    (uvia_size 0.3)
    (uvia_drill 0.1)
    (uvias_allowed no)
    (uvia_min_size 0.2)
    (uvia_min_drill 0.1)
    (pcb_text_width 0.3)
    (pcb_text_size 1.5 1.5)
    (mod_edge_width 0.15)
    (mod_text_size 1 1)
    (mod_text_width 0.15)
    (pad_size 1.524 1.524)
    (pad_drill 0.762)
    (pad_to_mask_clearance 0.0254)
    (aux_axis_origin 0 0)
    (visible_elements FFFFFF7F)
    (pcbplotparams
      (layerselection 0x010f0_ffffffff)
      (usegerberextensions false)
      (usegerberattributes false)
      (usegerberadvancedattributes false)
      (creategerberjobfile false)
      (excludeedgelayer true)
      (linewidth 0.100000)
      (plotframeref false)
      (viasonmask false)
      (mode 1)
      (useauxorigin false)
      (hpglpennumber 1)
      (hpglpenspeed 20)
      (hpglpendiameter 15.000000)
      (psnegative false)
      (psa4output false)
      (plotreference true)
      (plotvalue true)
      (plotinvisibletext false)
      (padsonsilk false)
      (subtractmaskfromsilk false)
      (outputformat 1)
      (mirror false)
      (drillshape 0)
      (scaleselection 1)
      (outputdirectory "Gerbers/"))
  )

  (net 0 "")
  (net 1 /VBUS)
  (net 2 GNDREF)
  (net 3 /VCC)
  (net 4 "Net-(D1-Pad2)")
  (net 5 /LED1)
  (net 6 "Net-(D2-Pad2)")
  (net 7 "Net-(D3-Pad2)")
  (net 8 /LED2)
  (net 9 /-)
  (net 10 "Net-(J3-Pad4)")
  (net 11 /+)
  (net 12 "Net-(J4-Pad7)")
  (net 13 /SWDIO)
  (net 14 /D+)
  (net 15 /D-)
  (net 16 /BUTTON1)
  (net 17 /RST)
  (net 18 "Net-(U1-Pad24)")
  (net 19 "Net-(U1-Pad25)")
  (net 20 "Net-(U1-Pad27)")
  (net 21 "Net-(U1-Pad28)")
  (net 22 "Net-(U1-Pad54)")
  (net 23 "Net-(U1-Pad60)")
  (net 24 "Net-(U1-Pad62)")
  (net 25 "Net-(C3-Pad1)")
  (net 26 "Net-(C4-Pad1)")
  (net 27 /P1.03)
  (net 28 /P1.02)
  (net 29 /P1.01)
  (net 30 /P1.00)
  (net 31 /P0.13)
  (net 32 /P0.14)
  (net 33 /P0.15)
  (net 34 /P0.16)
  (net 35 /P0.17)
  (net 36 /P0.21)
  (net 37 /P0.19)
  (net 38 /P0.20)
  (net 39 /P0.22)
  (net 40 /P0.23)
  (net 41 /P0.24)
  (net 42 /P0.25)
  (net 43 /P0.26)
  (net 44 /P0.27)
  (net 45 /P0.28)
  (net 46 /P0.29)
  (net 47 /P0.30)
  (net 48 /P0.31)
  (net 49 /P0.02)
  (net 50 /P1.05)
  (net 51 /P1.06)
  (net 52 /P1.07)
  (net 53 /P1.08)
  (net 54 /P1.09)
  (net 55 /P0.03)
  (net 56 /P0.04)
  (net 57 /P0.05)
  (net 58 /P0.06)
  (net 59 /P1.10)
  (net 60 "Net-(U1-Pad61)")
  (net 61 "Net-(U1-Pad63)")
  (net 62 /SWCLK)
  (net 63 "Net-(J4-Pad6)")
  (net 64 "Net-(J4-Pad8)")
  (net 65 "Net-(J4-Pad10)")

  (net_class Default "This is the default net class."
    (clearance 0.127)
    (trace_width 0.25)
    (via_dia 0.6)
    (via_drill 0.3)
    (uvia_dia 0.3)
    (uvia_drill 0.1)
    (add_net /+)
    (add_net /-)
    (add_net /BUTTON1)
    (add_net /D+)
    (add_net /D-)
    (add_net /LED1)
    (add_net /LED2)
    (add_net /P0.02)
    (add_net /P0.03)
    (add_net /P0.04)
    (add_net /P0.05)
    (add_net /P0.06)
    (add_net /P0.13)
    (add_net /P0.14)
    (add_net /P0.15)
    (add_net /P0.16)
    (add_net /P0.17)
    (add_net /P0.19)
    (add_net /P0.20)
    (add_net /P0.21)
    (add_net /P0.22)
    (add_net /P0.23)
    (add_net /P0.24)
    (add_net /P0.25)
    (add_net /P0.26)
    (add_net /P0.27)
    (add_net /P0.28)
    (add_net /P0.29)
    (add_net /P0.30)
    (add_net /P0.31)
    (add_net /P1.00)
    (add_net /P1.01)
    (add_net /P1.02)
    (add_net /P1.03)
    (add_net /P1.05)
    (add_net /P1.06)
    (add_net /P1.07)
    (add_net /P1.08)
    (add_net /P1.09)
    (add_net /P1.10)
    (add_net /RST)
    (add_net /SWCLK)
    (add_net /SWDIO)
    (add_net /VBUS)
    (add_net /VCC)
    (add_net GNDREF)
    (add_net "Net-(C3-Pad1)")
    (add_net "Net-(C4-Pad1)")
    (add_net "Net-(D1-Pad2)")
    (add_net "Net-(D2-Pad2)")
    (add_net "Net-(D3-Pad2)")
    (add_net "Net-(J3-Pad4)")
    (add_net "Net-(J4-Pad10)")
    (add_net "Net-(J4-Pad6)")
    (add_net "Net-(J4-Pad7)")
    (add_net "Net-(J4-Pad8)")
    (add_net "Net-(U1-Pad24)")
    (add_net "Net-(U1-Pad25)")
    (add_net "Net-(U1-Pad27)")
    (add_net "Net-(U1-Pad28)")
    (add_net "Net-(U1-Pad54)")
    (add_net "Net-(U1-Pad60)")
    (add_net "Net-(U1-Pad61)")
    (add_net "Net-(U1-Pad62)")
    (add_net "Net-(U1-Pad63)")
  )

  (module Connector_PinHeader_2.54mm:PinHeader_1x20_P2.54mm_Vertical (layer F.Cu) (tedit 59FED5CC) (tstamp 5B6D0542)
    (at 151.765 83.82 90)
    (descr "Through hole straight pin header, 1x20, 2.54mm pitch, single row")
    (tags "Through hole pin header THT 1x20 2.54mm single row")
    (path /5B617C87)
    (fp_text reference J1 (at 0 -2.565 180) (layer F.SilkS)
      (effects (font (size 1 1) (thickness 0.15)))
    )
    (fp_text value Conn_01x20 (at 0 50.59 90) (layer F.Fab)
      (effects (font (size 1 1) (thickness 0.15)))
    )
    (fp_line (start -0.635 -1.27) (end 1.27 -1.27) (layer F.Fab) (width 0.1))
    (fp_line (start 1.27 -1.27) (end 1.27 49.53) (layer F.Fab) (width 0.1))
    (fp_line (start 1.27 49.53) (end -1.27 49.53) (layer F.Fab) (width 0.1))
    (fp_line (start -1.27 49.53) (end -1.27 -0.635) (layer F.Fab) (width 0.1))
    (fp_line (start -1.27 -0.635) (end -0.635 -1.27) (layer F.Fab) (width 0.1))
    (fp_line (start -1.33 49.59) (end 1.33 49.59) (layer F.SilkS) (width 0.12))
    (fp_line (start -1.33 1.27) (end -1.33 49.59) (layer F.SilkS) (width 0.12))
    (fp_line (start 1.33 1.27) (end 1.33 49.59) (layer F.SilkS) (width 0.12))
    (fp_line (start -1.33 1.27) (end 1.33 1.27) (layer F.SilkS) (width 0.12))
    (fp_line (start -1.33 0) (end -1.33 -1.33) (layer F.SilkS) (width 0.12))
    (fp_line (start -1.33 -1.33) (end 0 -1.33) (layer F.SilkS) (width 0.12))
    (fp_line (start -1.8 -1.8) (end -1.8 50.05) (layer F.CrtYd) (width 0.05))
    (fp_line (start -1.8 50.05) (end 1.8 50.05) (layer F.CrtYd) (width 0.05))
    (fp_line (start 1.8 50.05) (end 1.8 -1.8) (layer F.CrtYd) (width 0.05))
    (fp_line (start 1.8 -1.8) (end -1.8 -1.8) (layer F.CrtYd) (width 0.05))
    (fp_text user %R (at 0 24.13 180) (layer F.Fab)
      (effects (font (size 1 1) (thickness 0.15)))
    )
    (pad 1 thru_hole rect (at 0 0 90) (size 1.7 1.7) (drill 1) (layers *.Cu *.Mask)
      (net 2 GNDREF))
    (pad 2 thru_hole oval (at 0 2.54 90) (size 1.7 1.7) (drill 1) (layers *.Cu *.Mask)
      (net 30 /P1.00))
    (pad 3 thru_hole oval (at 0 5.08 90) (size 1.7 1.7) (drill 1) (layers *.Cu *.Mask)
      (net 29 /P1.01))
    (pad 4 thru_hole oval (at 0 7.62 90) (size 1.7 1.7) (drill 1) (layers *.Cu *.Mask)
      (net 28 /P1.02))
    (pad 5 thru_hole oval (at 0 10.16 90) (size 1.7 1.7) (drill 1) (layers *.Cu *.Mask)
      (net 27 /P1.03))
    (pad 6 thru_hole oval (at 0 12.7 90) (size 1.7 1.7) (drill 1) (layers *.Cu *.Mask)
      (net 31 /P0.13))
    (pad 7 thru_hole oval (at 0 15.24 90) (size 1.7 1.7) (drill 1) (layers *.Cu *.Mask)
      (net 32 /P0.14))
    (pad 8 thru_hole oval (at 0 17.78 90) (size 1.7 1.7) (drill 1) (layers *.Cu *.Mask)
      (net 33 /P0.15))
    (pad 9 thru_hole oval (at 0 20.32 90) (size 1.7 1.7) (drill 1) (layers *.Cu *.Mask)
      (net 34 /P0.16))
    (pad 10 thru_hole oval (at 0 22.86 90) (size 1.7 1.7) (drill 1) (layers *.Cu *.Mask)
      (net 35 /P0.17))
    (pad 11 thru_hole oval (at 0 25.4 90) (size 1.7 1.7) (drill 1) (layers *.Cu *.Mask)
      (net 36 /P0.21))
    (pad 12 thru_hole oval (at 0 27.94 90) (size 1.7 1.7) (drill 1) (layers *.Cu *.Mask)
      (net 37 /P0.19))
    (pad 13 thru_hole oval (at 0 30.48 90) (size 1.7 1.7) (drill 1) (layers *.Cu *.Mask)
      (net 38 /P0.20))
    (pad 14 thru_hole oval (at 0 33.02 90) (size 1.7 1.7) (drill 1) (layers *.Cu *.Mask)
      (net 17 /RST))
    (pad 15 thru_hole oval (at 0 35.56 90) (size 1.7 1.7) (drill 1) (layers *.Cu *.Mask)
      (net 39 /P0.22))
    (pad 16 thru_hole oval (at 0 38.1 90) (size 1.7 1.7) (drill 1) (layers *.Cu *.Mask)
      (net 40 /P0.23))
    (pad 17 thru_hole oval (at 0 40.64 90) (size 1.7 1.7) (drill 1) (layers *.Cu *.Mask)
      (net 41 /P0.24))
    (pad 18 thru_hole oval (at 0 43.18 90) (size 1.7 1.7) (drill 1) (layers *.Cu *.Mask)
      (net 62 /SWCLK))
    (pad 19 thru_hole oval (at 0 45.72 90) (size 1.7 1.7) (drill 1) (layers *.Cu *.Mask)
      (net 13 /SWDIO))
    (pad 20 thru_hole oval (at 0 48.26 90) (size 1.7 1.7) (drill 1) (layers *.Cu *.Mask)
      (net 2 GNDREF))
    (model ${KISYS3DMOD}/Connector_PinHeader_2.54mm.3dshapes/PinHeader_1x20_P2.54mm_Vertical.wrl
      (at (xyz 0 0 0))
      (scale (xyz 1 1 1))
      (rotate (xyz 0 0 0))
    )
  )

  (module Capacitor_SMD:C_0603_1608Metric (layer F.Cu) (tedit 5B301BBE) (tstamp 5B609531)
    (at 190.21 76.15 90)
    (descr "Capacitor SMD 0603 (1608 Metric), square (rectangular) end terminal, IPC_7351 nominal, (Body size source: http://www.tortai-tech.com/upload/download/2011102023233369053.pdf), generated with kicad-footprint-generator")
    (tags capacitor)
    (path /5B60482D)
    (attr smd)
    (fp_text reference C1 (at 2.08 0 180) (layer F.SilkS)
      (effects (font (size 1 1) (thickness 0.15)))
    )
    (fp_text value 4,7uF (at 0 1.43 90) (layer F.Fab)
      (effects (font (size 1 1) (thickness 0.15)))
    )
    (fp_text user %R (at 0 0 90) (layer F.Fab)
      (effects (font (size 0.4 0.4) (thickness 0.06)))
    )
    (fp_line (start 1.48 0.73) (end -1.48 0.73) (layer F.CrtYd) (width 0.05))
    (fp_line (start 1.48 -0.73) (end 1.48 0.73) (layer F.CrtYd) (width 0.05))
    (fp_line (start -1.48 -0.73) (end 1.48 -0.73) (layer F.CrtYd) (width 0.05))
    (fp_line (start -1.48 0.73) (end -1.48 -0.73) (layer F.CrtYd) (width 0.05))
    (fp_line (start -0.162779 0.51) (end 0.162779 0.51) (layer F.SilkS) (width 0.12))
    (fp_line (start -0.162779 -0.51) (end 0.162779 -0.51) (layer F.SilkS) (width 0.12))
    (fp_line (start 0.8 0.4) (end -0.8 0.4) (layer F.Fab) (width 0.1))
    (fp_line (start 0.8 -0.4) (end 0.8 0.4) (layer F.Fab) (width 0.1))
    (fp_line (start -0.8 -0.4) (end 0.8 -0.4) (layer F.Fab) (width 0.1))
    (fp_line (start -0.8 0.4) (end -0.8 -0.4) (layer F.Fab) (width 0.1))
    (pad 2 smd roundrect (at 0.7875 0 90) (size 0.875 0.95) (layers F.Cu F.Paste F.Mask) (roundrect_rratio 0.25)
      (net 1 /VBUS))
    (pad 1 smd roundrect (at -0.7875 0 90) (size 0.875 0.95) (layers F.Cu F.Paste F.Mask) (roundrect_rratio 0.25)
      (net 2 GNDREF))
    (model ${KISYS3DMOD}/Capacitor_SMD.3dshapes/C_0603_1608Metric.wrl
      (at (xyz 0 0 0))
      (scale (xyz 1 1 1))
      (rotate (xyz 0 0 0))
    )
  )

  (module Capacitor_SMD:C_0603_1608Metric (layer F.Cu) (tedit 5B301BBE) (tstamp 5B609542)
    (at 190.2 71.3875 90)
    (descr "Capacitor SMD 0603 (1608 Metric), square (rectangular) end terminal, IPC_7351 nominal, (Body size source: http://www.tortai-tech.com/upload/download/2011102023233369053.pdf), generated with kicad-footprint-generator")
    (tags capacitor)
    (path /5B607435)
    (attr smd)
    (fp_text reference C2 (at 2.0775 0.01 180) (layer F.SilkS)
      (effects (font (size 1 1) (thickness 0.15)))
    )
    (fp_text value 4.7uF (at 0 1.43 90) (layer F.Fab)
      (effects (font (size 1 1) (thickness 0.15)))
    )
    (fp_line (start -0.8 0.4) (end -0.8 -0.4) (layer F.Fab) (width 0.1))
    (fp_line (start -0.8 -0.4) (end 0.8 -0.4) (layer F.Fab) (width 0.1))
    (fp_line (start 0.8 -0.4) (end 0.8 0.4) (layer F.Fab) (width 0.1))
    (fp_line (start 0.8 0.4) (end -0.8 0.4) (layer F.Fab) (width 0.1))
    (fp_line (start -0.162779 -0.51) (end 0.162779 -0.51) (layer F.SilkS) (width 0.12))
    (fp_line (start -0.162779 0.51) (end 0.162779 0.51) (layer F.SilkS) (width 0.12))
    (fp_line (start -1.48 0.73) (end -1.48 -0.73) (layer F.CrtYd) (width 0.05))
    (fp_line (start -1.48 -0.73) (end 1.48 -0.73) (layer F.CrtYd) (width 0.05))
    (fp_line (start 1.48 -0.73) (end 1.48 0.73) (layer F.CrtYd) (width 0.05))
    (fp_line (start 1.48 0.73) (end -1.48 0.73) (layer F.CrtYd) (width 0.05))
    (fp_text user %R (at 0 0 90) (layer F.Fab)
      (effects (font (size 0.4 0.4) (thickness 0.06)))
    )
    (pad 1 smd roundrect (at -0.7875 0 90) (size 0.875 0.95) (layers F.Cu F.Paste F.Mask) (roundrect_rratio 0.25)
      (net 3 /VCC))
    (pad 2 smd roundrect (at 0.7875 0 90) (size 0.875 0.95) (layers F.Cu F.Paste F.Mask) (roundrect_rratio 0.25)
      (net 2 GNDREF))
    (model ${KISYS3DMOD}/Capacitor_SMD.3dshapes/C_0603_1608Metric.wrl
      (at (xyz 0 0 0))
      (scale (xyz 1 1 1))
      (rotate (xyz 0 0 0))
    )
  )

  (module LED_SMD:LED_0603_1608Metric (layer F.Cu) (tedit 5B301BBE) (tstamp 5B609555)
    (at 182.596 70.682)
    (descr "LED SMD 0603 (1608 Metric), square (rectangular) end terminal, IPC_7351 nominal, (Body size source: http://www.tortai-tech.com/upload/download/2011102023233369053.pdf), generated with kicad-footprint-generator")
    (tags diode)
    (path /5B607D35)
    (attr smd)
    (fp_text reference D1 (at 0 -1.43) (layer F.SilkS)
      (effects (font (size 1 1) (thickness 0.15)))
    )
    (fp_text value LED (at 0 1.43) (layer F.Fab)
      (effects (font (size 1 1) (thickness 0.15)))
    )
    (fp_line (start 0.8 -0.4) (end -0.5 -0.4) (layer F.Fab) (width 0.1))
    (fp_line (start -0.5 -0.4) (end -0.8 -0.1) (layer F.Fab) (width 0.1))
    (fp_line (start -0.8 -0.1) (end -0.8 0.4) (layer F.Fab) (width 0.1))
    (fp_line (start -0.8 0.4) (end 0.8 0.4) (layer F.Fab) (width 0.1))
    (fp_line (start 0.8 0.4) (end 0.8 -0.4) (layer F.Fab) (width 0.1))
    (fp_line (start 0.8 -0.735) (end -1.485 -0.735) (layer F.SilkS) (width 0.12))
    (fp_line (start -1.485 -0.735) (end -1.485 0.735) (layer F.SilkS) (width 0.12))
    (fp_line (start -1.485 0.735) (end 0.8 0.735) (layer F.SilkS) (width 0.12))
    (fp_line (start -1.48 0.73) (end -1.48 -0.73) (layer F.CrtYd) (width 0.05))
    (fp_line (start -1.48 -0.73) (end 1.48 -0.73) (layer F.CrtYd) (width 0.05))
    (fp_line (start 1.48 -0.73) (end 1.48 0.73) (layer F.CrtYd) (width 0.05))
    (fp_line (start 1.48 0.73) (end -1.48 0.73) (layer F.CrtYd) (width 0.05))
    (fp_text user %R (at 0 0) (layer F.Fab)
      (effects (font (size 0.4 0.4) (thickness 0.06)))
    )
    (pad 1 smd roundrect (at -0.7875 0) (size 0.875 0.95) (layers F.Cu F.Paste F.Mask) (roundrect_rratio 0.25)
      (net 2 GNDREF))
    (pad 2 smd roundrect (at 0.7875 0) (size 0.875 0.95) (layers F.Cu F.Paste F.Mask) (roundrect_rratio 0.25)
      (net 4 "Net-(D1-Pad2)"))
    (model ${KISYS3DMOD}/LED_SMD.3dshapes/LED_0603_1608Metric.wrl
      (at (xyz 0 0 0))
      (scale (xyz 1 1 1))
      (rotate (xyz 0 0 0))
    )
  )

  (module LED_SMD:LED_0603_1608Metric (layer F.Cu) (tedit 5B301BBE) (tstamp 5B609568)
    (at 182.606 73.857)
    (descr "LED SMD 0603 (1608 Metric), square (rectangular) end terminal, IPC_7351 nominal, (Body size source: http://www.tortai-tech.com/upload/download/2011102023233369053.pdf), generated with kicad-footprint-generator")
    (tags diode)
    (path /5B607CAC)
    (attr smd)
    (fp_text reference D2 (at 0 -1.43) (layer F.SilkS)
      (effects (font (size 1 1) (thickness 0.15)))
    )
    (fp_text value LED (at 0 1.43) (layer F.Fab)
      (effects (font (size 1 1) (thickness 0.15)))
    )
    (fp_line (start 0.8 -0.4) (end -0.5 -0.4) (layer F.Fab) (width 0.1))
    (fp_line (start -0.5 -0.4) (end -0.8 -0.1) (layer F.Fab) (width 0.1))
    (fp_line (start -0.8 -0.1) (end -0.8 0.4) (layer F.Fab) (width 0.1))
    (fp_line (start -0.8 0.4) (end 0.8 0.4) (layer F.Fab) (width 0.1))
    (fp_line (start 0.8 0.4) (end 0.8 -0.4) (layer F.Fab) (width 0.1))
    (fp_line (start 0.8 -0.735) (end -1.485 -0.735) (layer F.SilkS) (width 0.12))
    (fp_line (start -1.485 -0.735) (end -1.485 0.735) (layer F.SilkS) (width 0.12))
    (fp_line (start -1.485 0.735) (end 0.8 0.735) (layer F.SilkS) (width 0.12))
    (fp_line (start -1.48 0.73) (end -1.48 -0.73) (layer F.CrtYd) (width 0.05))
    (fp_line (start -1.48 -0.73) (end 1.48 -0.73) (layer F.CrtYd) (width 0.05))
    (fp_line (start 1.48 -0.73) (end 1.48 0.73) (layer F.CrtYd) (width 0.05))
    (fp_line (start 1.48 0.73) (end -1.48 0.73) (layer F.CrtYd) (width 0.05))
    (fp_text user %R (at 0 0) (layer F.Fab)
      (effects (font (size 0.4 0.4) (thickness 0.06)))
    )
    (pad 1 smd roundrect (at -0.7875 0) (size 0.875 0.95) (layers F.Cu F.Paste F.Mask) (roundrect_rratio 0.25)
      (net 5 /LED1))
    (pad 2 smd roundrect (at 0.7875 0) (size 0.875 0.95) (layers F.Cu F.Paste F.Mask) (roundrect_rratio 0.25)
      (net 6 "Net-(D2-Pad2)"))
    (model ${KISYS3DMOD}/LED_SMD.3dshapes/LED_0603_1608Metric.wrl
      (at (xyz 0 0 0))
      (scale (xyz 1 1 1))
      (rotate (xyz 0 0 0))
    )
  )

  (module LED_SMD:LED_0603_1608Metric (layer F.Cu) (tedit 5B301BBE) (tstamp 5B60957B)
    (at 182.596 76.887)
    (descr "LED SMD 0603 (1608 Metric), square (rectangular) end terminal, IPC_7351 nominal, (Body size source: http://www.tortai-tech.com/upload/download/2011102023233369053.pdf), generated with kicad-footprint-generator")
    (tags diode)
    (path /5B607BC5)
    (attr smd)
    (fp_text reference D3 (at 0 -1.43) (layer F.SilkS)
      (effects (font (size 1 1) (thickness 0.15)))
    )
    (fp_text value LED (at 0 1.43) (layer F.Fab)
      (effects (font (size 1 1) (thickness 0.15)))
    )
    (fp_text user %R (at 0 0) (layer F.Fab)
      (effects (font (size 0.4 0.4) (thickness 0.06)))
    )
    (fp_line (start 1.48 0.73) (end -1.48 0.73) (layer F.CrtYd) (width 0.05))
    (fp_line (start 1.48 -0.73) (end 1.48 0.73) (layer F.CrtYd) (width 0.05))
    (fp_line (start -1.48 -0.73) (end 1.48 -0.73) (layer F.CrtYd) (width 0.05))
    (fp_line (start -1.48 0.73) (end -1.48 -0.73) (layer F.CrtYd) (width 0.05))
    (fp_line (start -1.485 0.735) (end 0.8 0.735) (layer F.SilkS) (width 0.12))
    (fp_line (start -1.485 -0.735) (end -1.485 0.735) (layer F.SilkS) (width 0.12))
    (fp_line (start 0.8 -0.735) (end -1.485 -0.735) (layer F.SilkS) (width 0.12))
    (fp_line (start 0.8 0.4) (end 0.8 -0.4) (layer F.Fab) (width 0.1))
    (fp_line (start -0.8 0.4) (end 0.8 0.4) (layer F.Fab) (width 0.1))
    (fp_line (start -0.8 -0.1) (end -0.8 0.4) (layer F.Fab) (width 0.1))
    (fp_line (start -0.5 -0.4) (end -0.8 -0.1) (layer F.Fab) (width 0.1))
    (fp_line (start 0.8 -0.4) (end -0.5 -0.4) (layer F.Fab) (width 0.1))
    (pad 2 smd roundrect (at 0.7875 0) (size 0.875 0.95) (layers F.Cu F.Paste F.Mask) (roundrect_rratio 0.25)
      (net 7 "Net-(D3-Pad2)"))
    (pad 1 smd roundrect (at -0.7875 0) (size 0.875 0.95) (layers F.Cu F.Paste F.Mask) (roundrect_rratio 0.25)
      (net 8 /LED2))
    (model ${KISYS3DMOD}/LED_SMD.3dshapes/LED_0603_1608Metric.wrl
      (at (xyz 0 0 0))
      (scale (xyz 1 1 1))
      (rotate (xyz 0 0 0))
    )
  )

  (module Connector_USB:USB_Micro-B_Molex-105017-0001 (layer F.Cu) (tedit 5A1DC0BE) (tstamp 5B609692)
    (at 148.59 73.78 270)
    (descr http://www.molex.com/pdm_docs/sd/1050170001_sd.pdf)
    (tags "Micro-USB SMD Typ-B")
    (path /5B6044B3)
    (attr smd)
    (fp_text reference J3 (at -5.1 0) (layer F.SilkS)
      (effects (font (size 1 1) (thickness 0.15)))
    )
    (fp_text value USB_B_Micro (at 0.3 4.3375 270) (layer F.Fab)
      (effects (font (size 1 1) (thickness 0.15)))
    )
    (fp_text user "PCB Edge" (at 0 2.6875 270) (layer Dwgs.User)
      (effects (font (size 0.5 0.5) (thickness 0.08)))
    )
    (fp_text user %R (at 0 0.8875 270) (layer F.Fab)
      (effects (font (size 1 1) (thickness 0.15)))
    )
    (fp_line (start -4.4 3.64) (end 4.4 3.64) (layer F.CrtYd) (width 0.05))
    (fp_line (start 4.4 -2.46) (end 4.4 3.64) (layer F.CrtYd) (width 0.05))
    (fp_line (start -4.4 -2.46) (end 4.4 -2.46) (layer F.CrtYd) (width 0.05))
    (fp_line (start -4.4 3.64) (end -4.4 -2.46) (layer F.CrtYd) (width 0.05))
    (fp_line (start -3.9 -1.7625) (end -3.45 -1.7625) (layer F.SilkS) (width 0.12))
    (fp_line (start -3.9 0.0875) (end -3.9 -1.7625) (layer F.SilkS) (width 0.12))
    (fp_line (start 3.9 2.6375) (end 3.9 2.3875) (layer F.SilkS) (width 0.12))
    (fp_line (start 3.75 3.3875) (end 3.75 -1.6125) (layer F.Fab) (width 0.1))
    (fp_line (start -3 2.689204) (end 3 2.689204) (layer F.Fab) (width 0.1))
    (fp_line (start -3.75 3.389204) (end 3.75 3.389204) (layer F.Fab) (width 0.1))
    (fp_line (start -3.75 -1.6125) (end 3.75 -1.6125) (layer F.Fab) (width 0.1))
    (fp_line (start -3.75 3.3875) (end -3.75 -1.6125) (layer F.Fab) (width 0.1))
    (fp_line (start -3.9 2.6375) (end -3.9 2.3875) (layer F.SilkS) (width 0.12))
    (fp_line (start 3.9 0.0875) (end 3.9 -1.7625) (layer F.SilkS) (width 0.12))
    (fp_line (start 3.9 -1.7625) (end 3.45 -1.7625) (layer F.SilkS) (width 0.12))
    (fp_line (start -1.7 -2.3125) (end -1.25 -2.3125) (layer F.SilkS) (width 0.12))
    (fp_line (start -1.7 -2.3125) (end -1.7 -1.8625) (layer F.SilkS) (width 0.12))
    (fp_line (start -1.3 -1.7125) (end -1.5 -1.9125) (layer F.Fab) (width 0.1))
    (fp_line (start -1.1 -1.9125) (end -1.3 -1.7125) (layer F.Fab) (width 0.1))
    (fp_line (start -1.5 -2.1225) (end -1.1 -2.1225) (layer F.Fab) (width 0.1))
    (fp_line (start -1.5 -2.1225) (end -1.5 -1.9125) (layer F.Fab) (width 0.1))
    (fp_line (start -1.1 -2.1225) (end -1.1 -1.9125) (layer F.Fab) (width 0.1))
    (pad 6 smd rect (at 1 1.2375 270) (size 1.5 1.9) (layers F.Cu F.Paste F.Mask)
      (net 2 GNDREF))
    (pad 6 thru_hole circle (at -2.5 -1.4625 270) (size 1.45 1.45) (drill 0.85) (layers *.Cu *.Mask)
      (net 2 GNDREF))
    (pad 2 smd rect (at -0.65 -1.4625 270) (size 0.4 1.35) (layers F.Cu F.Paste F.Mask)
      (net 9 /-))
    (pad 1 smd rect (at -1.3 -1.4625 270) (size 0.4 1.35) (layers F.Cu F.Paste F.Mask)
      (net 1 /VBUS))
    (pad 5 smd rect (at 1.3 -1.4625 270) (size 0.4 1.35) (layers F.Cu F.Paste F.Mask)
      (net 2 GNDREF))
    (pad 4 smd rect (at 0.65 -1.4625 270) (size 0.4 1.35) (layers F.Cu F.Paste F.Mask)
      (net 10 "Net-(J3-Pad4)"))
    (pad 3 smd rect (at 0 -1.4625 270) (size 0.4 1.35) (layers F.Cu F.Paste F.Mask)
      (net 11 /+))
    (pad 6 thru_hole circle (at 2.5 -1.4625 270) (size 1.45 1.45) (drill 0.85) (layers *.Cu *.Mask)
      (net 2 GNDREF))
    (pad 6 smd rect (at -1 1.2375 270) (size 1.5 1.9) (layers F.Cu F.Paste F.Mask)
      (net 2 GNDREF))
    (pad 6 thru_hole oval (at -3.5 1.2375 90) (size 1.2 1.9) (drill oval 0.6 1.3) (layers *.Cu *.Mask)
      (net 2 GNDREF))
    (pad 6 thru_hole oval (at 3.5 1.2375 270) (size 1.2 1.9) (drill oval 0.6 1.3) (layers *.Cu *.Mask)
      (net 2 GNDREF))
    (pad 6 smd rect (at 2.9 1.2375 270) (size 1.2 1.9) (layers F.Cu F.Mask)
      (net 2 GNDREF))
    (pad 6 smd rect (at -2.9 1.2375 270) (size 1.2 1.9) (layers F.Cu F.Mask)
      (net 2 GNDREF))
    (model ${KISYS3DMOD}/Connector_USB.3dshapes/USB_Micro-B_Molex-105017-0001.wrl
      (at (xyz 0 0 0))
      (scale (xyz 1 1 1))
      (rotate (xyz 0 0 0))
    )
  )

  (module Resistor_SMD:R_0603_1608Metric (layer F.Cu) (tedit 5B301BBD) (tstamp 5B6096E8)
    (at 186.516 70.687 180)
    (descr "Resistor SMD 0603 (1608 Metric), square (rectangular) end terminal, IPC_7351 nominal, (Body size source: http://www.tortai-tech.com/upload/download/2011102023233369053.pdf), generated with kicad-footprint-generator")
    (tags resistor)
    (path /5B609F5F)
    (attr smd)
    (fp_text reference R1 (at 0 1.529 180) (layer F.SilkS)
      (effects (font (size 1 1) (thickness 0.15)))
    )
    (fp_text value 1k (at 0 1.43 180) (layer F.Fab)
      (effects (font (size 1 1) (thickness 0.15)))
    )
    (fp_line (start -0.8 0.4) (end -0.8 -0.4) (layer F.Fab) (width 0.1))
    (fp_line (start -0.8 -0.4) (end 0.8 -0.4) (layer F.Fab) (width 0.1))
    (fp_line (start 0.8 -0.4) (end 0.8 0.4) (layer F.Fab) (width 0.1))
    (fp_line (start 0.8 0.4) (end -0.8 0.4) (layer F.Fab) (width 0.1))
    (fp_line (start -0.162779 -0.51) (end 0.162779 -0.51) (layer F.SilkS) (width 0.12))
    (fp_line (start -0.162779 0.51) (end 0.162779 0.51) (layer F.SilkS) (width 0.12))
    (fp_line (start -1.48 0.73) (end -1.48 -0.73) (layer F.CrtYd) (width 0.05))
    (fp_line (start -1.48 -0.73) (end 1.48 -0.73) (layer F.CrtYd) (width 0.05))
    (fp_line (start 1.48 -0.73) (end 1.48 0.73) (layer F.CrtYd) (width 0.05))
    (fp_line (start 1.48 0.73) (end -1.48 0.73) (layer F.CrtYd) (width 0.05))
    (fp_text user %R (at 0 0 180) (layer F.Fab)
      (effects (font (size 0.4 0.4) (thickness 0.06)))
    )
    (pad 1 smd roundrect (at -0.7875 0 180) (size 0.875 0.95) (layers F.Cu F.Paste F.Mask) (roundrect_rratio 0.25)
      (net 3 /VCC))
    (pad 2 smd roundrect (at 0.7875 0 180) (size 0.875 0.95) (layers F.Cu F.Paste F.Mask) (roundrect_rratio 0.25)
      (net 4 "Net-(D1-Pad2)"))
    (model ${KISYS3DMOD}/Resistor_SMD.3dshapes/R_0603_1608Metric.wrl
      (at (xyz 0 0 0))
      (scale (xyz 1 1 1))
      (rotate (xyz 0 0 0))
    )
  )

  (module Resistor_SMD:R_0603_1608Metric (layer F.Cu) (tedit 5B301BBD) (tstamp 5B6096F9)
    (at 186.516 73.867 180)
    (descr "Resistor SMD 0603 (1608 Metric), square (rectangular) end terminal, IPC_7351 nominal, (Body size source: http://www.tortai-tech.com/upload/download/2011102023233369053.pdf), generated with kicad-footprint-generator")
    (tags resistor)
    (path /5B609FEA)
    (attr smd)
    (fp_text reference R2 (at -0.017 1.534 180) (layer F.SilkS)
      (effects (font (size 1 1) (thickness 0.15)))
    )
    (fp_text value 1k (at 0 1.43 180) (layer F.Fab)
      (effects (font (size 1 1) (thickness 0.15)))
    )
    (fp_text user %R (at 0 0 180) (layer F.Fab)
      (effects (font (size 0.4 0.4) (thickness 0.06)))
    )
    (fp_line (start 1.48 0.73) (end -1.48 0.73) (layer F.CrtYd) (width 0.05))
    (fp_line (start 1.48 -0.73) (end 1.48 0.73) (layer F.CrtYd) (width 0.05))
    (fp_line (start -1.48 -0.73) (end 1.48 -0.73) (layer F.CrtYd) (width 0.05))
    (fp_line (start -1.48 0.73) (end -1.48 -0.73) (layer F.CrtYd) (width 0.05))
    (fp_line (start -0.162779 0.51) (end 0.162779 0.51) (layer F.SilkS) (width 0.12))
    (fp_line (start -0.162779 -0.51) (end 0.162779 -0.51) (layer F.SilkS) (width 0.12))
    (fp_line (start 0.8 0.4) (end -0.8 0.4) (layer F.Fab) (width 0.1))
    (fp_line (start 0.8 -0.4) (end 0.8 0.4) (layer F.Fab) (width 0.1))
    (fp_line (start -0.8 -0.4) (end 0.8 -0.4) (layer F.Fab) (width 0.1))
    (fp_line (start -0.8 0.4) (end -0.8 -0.4) (layer F.Fab) (width 0.1))
    (pad 2 smd roundrect (at 0.7875 0 180) (size 0.875 0.95) (layers F.Cu F.Paste F.Mask) (roundrect_rratio 0.25)
      (net 6 "Net-(D2-Pad2)"))
    (pad 1 smd roundrect (at -0.7875 0 180) (size 0.875 0.95) (layers F.Cu F.Paste F.Mask) (roundrect_rratio 0.25)
      (net 3 /VCC))
    (model ${KISYS3DMOD}/Resistor_SMD.3dshapes/R_0603_1608Metric.wrl
      (at (xyz 0 0 0))
      (scale (xyz 1 1 1))
      (rotate (xyz 0 0 0))
    )
  )

  (module Resistor_SMD:R_0603_1608Metric (layer F.Cu) (tedit 5B301BBD) (tstamp 5B60970A)
    (at 186.516 76.887 180)
    (descr "Resistor SMD 0603 (1608 Metric), square (rectangular) end terminal, IPC_7351 nominal, (Body size source: http://www.tortai-tech.com/upload/download/2011102023233369053.pdf), generated with kicad-footprint-generator")
    (tags resistor)
    (path /5B60A04C)
    (attr smd)
    (fp_text reference R3 (at 0 1.506 180) (layer F.SilkS)
      (effects (font (size 1 1) (thickness 0.15)))
    )
    (fp_text value 1k (at 0 1.43 180) (layer F.Fab)
      (effects (font (size 1 1) (thickness 0.15)))
    )
    (fp_line (start -0.8 0.4) (end -0.8 -0.4) (layer F.Fab) (width 0.1))
    (fp_line (start -0.8 -0.4) (end 0.8 -0.4) (layer F.Fab) (width 0.1))
    (fp_line (start 0.8 -0.4) (end 0.8 0.4) (layer F.Fab) (width 0.1))
    (fp_line (start 0.8 0.4) (end -0.8 0.4) (layer F.Fab) (width 0.1))
    (fp_line (start -0.162779 -0.51) (end 0.162779 -0.51) (layer F.SilkS) (width 0.12))
    (fp_line (start -0.162779 0.51) (end 0.162779 0.51) (layer F.SilkS) (width 0.12))
    (fp_line (start -1.48 0.73) (end -1.48 -0.73) (layer F.CrtYd) (width 0.05))
    (fp_line (start -1.48 -0.73) (end 1.48 -0.73) (layer F.CrtYd) (width 0.05))
    (fp_line (start 1.48 -0.73) (end 1.48 0.73) (layer F.CrtYd) (width 0.05))
    (fp_line (start 1.48 0.73) (end -1.48 0.73) (layer F.CrtYd) (width 0.05))
    (fp_text user %R (at 0 0 180) (layer F.Fab)
      (effects (font (size 0.4 0.4) (thickness 0.06)))
    )
    (pad 1 smd roundrect (at -0.7875 0 180) (size 0.875 0.95) (layers F.Cu F.Paste F.Mask) (roundrect_rratio 0.25)
      (net 3 /VCC))
    (pad 2 smd roundrect (at 0.7875 0 180) (size 0.875 0.95) (layers F.Cu F.Paste F.Mask) (roundrect_rratio 0.25)
      (net 7 "Net-(D3-Pad2)"))
    (model ${KISYS3DMOD}/Resistor_SMD.3dshapes/R_0603_1608Metric.wrl
      (at (xyz 0 0 0))
      (scale (xyz 1 1 1))
      (rotate (xyz 0 0 0))
    )
  )

  (module Resistor_SMD:R_0603_1608Metric (layer F.Cu) (tedit 5B301BBD) (tstamp 5B60971B)
    (at 158.6375 74.52 180)
    (descr "Resistor SMD 0603 (1608 Metric), square (rectangular) end terminal, IPC_7351 nominal, (Body size source: http://www.tortai-tech.com/upload/download/2011102023233369053.pdf), generated with kicad-footprint-generator")
    (tags resistor)
    (path /5B604626)
    (attr smd)
    (fp_text reference R4 (at 0 -1.64 180) (layer F.SilkS)
      (effects (font (size 1 1) (thickness 0.15)))
    )
    (fp_text value 27 (at 0 1.43 180) (layer F.Fab)
      (effects (font (size 1 1) (thickness 0.15)))
    )
    (fp_text user %R (at 0 0 180) (layer F.Fab)
      (effects (font (size 0.4 0.4) (thickness 0.06)))
    )
    (fp_line (start 1.48 0.73) (end -1.48 0.73) (layer F.CrtYd) (width 0.05))
    (fp_line (start 1.48 -0.73) (end 1.48 0.73) (layer F.CrtYd) (width 0.05))
    (fp_line (start -1.48 -0.73) (end 1.48 -0.73) (layer F.CrtYd) (width 0.05))
    (fp_line (start -1.48 0.73) (end -1.48 -0.73) (layer F.CrtYd) (width 0.05))
    (fp_line (start -0.162779 0.51) (end 0.162779 0.51) (layer F.SilkS) (width 0.12))
    (fp_line (start -0.162779 -0.51) (end 0.162779 -0.51) (layer F.SilkS) (width 0.12))
    (fp_line (start 0.8 0.4) (end -0.8 0.4) (layer F.Fab) (width 0.1))
    (fp_line (start 0.8 -0.4) (end 0.8 0.4) (layer F.Fab) (width 0.1))
    (fp_line (start -0.8 -0.4) (end 0.8 -0.4) (layer F.Fab) (width 0.1))
    (fp_line (start -0.8 0.4) (end -0.8 -0.4) (layer F.Fab) (width 0.1))
    (pad 2 smd roundrect (at 0.7875 0 180) (size 0.875 0.95) (layers F.Cu F.Paste F.Mask) (roundrect_rratio 0.25)
      (net 11 /+))
    (pad 1 smd roundrect (at -0.7875 0 180) (size 0.875 0.95) (layers F.Cu F.Paste F.Mask) (roundrect_rratio 0.25)
      (net 14 /D+))
    (model ${KISYS3DMOD}/Resistor_SMD.3dshapes/R_0603_1608Metric.wrl
      (at (xyz 0 0 0))
      (scale (xyz 1 1 1))
      (rotate (xyz 0 0 0))
    )
  )

  (module Resistor_SMD:R_0603_1608Metric (layer F.Cu) (tedit 5B301BBD) (tstamp 5B60972C)
    (at 158.6375 72.38 180)
    (descr "Resistor SMD 0603 (1608 Metric), square (rectangular) end terminal, IPC_7351 nominal, (Body size source: http://www.tortai-tech.com/upload/download/2011102023233369053.pdf), generated with kicad-footprint-generator")
    (tags resistor)
    (path /5B604723)
    (attr smd)
    (fp_text reference R5 (at 0.0075 1.61 180) (layer F.SilkS)
      (effects (font (size 1 1) (thickness 0.15)))
    )
    (fp_text value 27 (at 0 1.43 180) (layer F.Fab)
      (effects (font (size 1 1) (thickness 0.15)))
    )
    (fp_line (start -0.8 0.4) (end -0.8 -0.4) (layer F.Fab) (width 0.1))
    (fp_line (start -0.8 -0.4) (end 0.8 -0.4) (layer F.Fab) (width 0.1))
    (fp_line (start 0.8 -0.4) (end 0.8 0.4) (layer F.Fab) (width 0.1))
    (fp_line (start 0.8 0.4) (end -0.8 0.4) (layer F.Fab) (width 0.1))
    (fp_line (start -0.162779 -0.51) (end 0.162779 -0.51) (layer F.SilkS) (width 0.12))
    (fp_line (start -0.162779 0.51) (end 0.162779 0.51) (layer F.SilkS) (width 0.12))
    (fp_line (start -1.48 0.73) (end -1.48 -0.73) (layer F.CrtYd) (width 0.05))
    (fp_line (start -1.48 -0.73) (end 1.48 -0.73) (layer F.CrtYd) (width 0.05))
    (fp_line (start 1.48 -0.73) (end 1.48 0.73) (layer F.CrtYd) (width 0.05))
    (fp_line (start 1.48 0.73) (end -1.48 0.73) (layer F.CrtYd) (width 0.05))
    (fp_text user %R (at 0 0 180) (layer F.Fab)
      (effects (font (size 0.4 0.4) (thickness 0.06)))
    )
    (pad 1 smd roundrect (at -0.7875 0 180) (size 0.875 0.95) (layers F.Cu F.Paste F.Mask) (roundrect_rratio 0.25)
      (net 15 /D-))
    (pad 2 smd roundrect (at 0.7875 0 180) (size 0.875 0.95) (layers F.Cu F.Paste F.Mask) (roundrect_rratio 0.25)
      (net 9 /-))
    (model ${KISYS3DMOD}/Resistor_SMD.3dshapes/R_0603_1608Metric.wrl
      (at (xyz 0 0 0))
      (scale (xyz 1 1 1))
      (rotate (xyz 0 0 0))
    )
  )

  (module Button_Switch_SMD:SW_SPST_B3U-1000P (layer F.Cu) (tedit 5A02FC95) (tstamp 5B609742)
    (at 176.52 71.56)
    (descr "Ultra-small-sized Tactile Switch with High Contact Reliability, Top-actuated Model, without Ground Terminal, without Boss")
    (tags "Tactile Switch")
    (path /5B607DD5)
    (attr smd)
    (fp_text reference SW1 (at 0 -2.5) (layer F.SilkS)
      (effects (font (size 1 1) (thickness 0.15)))
    )
    (fp_text value SW_Push (at 0 2.5) (layer F.Fab)
      (effects (font (size 1 1) (thickness 0.15)))
    )
    (fp_text user %R (at 0 -2.5) (layer F.Fab)
      (effects (font (size 1 1) (thickness 0.15)))
    )
    (fp_line (start -2.4 1.65) (end 2.4 1.65) (layer F.CrtYd) (width 0.05))
    (fp_line (start 2.4 1.65) (end 2.4 -1.65) (layer F.CrtYd) (width 0.05))
    (fp_line (start 2.4 -1.65) (end -2.4 -1.65) (layer F.CrtYd) (width 0.05))
    (fp_line (start -2.4 -1.65) (end -2.4 1.65) (layer F.CrtYd) (width 0.05))
    (fp_line (start -1.65 1.1) (end -1.65 1.4) (layer F.SilkS) (width 0.12))
    (fp_line (start -1.65 1.4) (end 1.65 1.4) (layer F.SilkS) (width 0.12))
    (fp_line (start 1.65 1.4) (end 1.65 1.1) (layer F.SilkS) (width 0.12))
    (fp_line (start -1.65 -1.1) (end -1.65 -1.4) (layer F.SilkS) (width 0.12))
    (fp_line (start -1.65 -1.4) (end 1.65 -1.4) (layer F.SilkS) (width 0.12))
    (fp_line (start 1.65 -1.4) (end 1.65 -1.1) (layer F.SilkS) (width 0.12))
    (fp_line (start -1.5 -1.25) (end 1.5 -1.25) (layer F.Fab) (width 0.1))
    (fp_line (start 1.5 -1.25) (end 1.5 1.25) (layer F.Fab) (width 0.1))
    (fp_line (start 1.5 1.25) (end -1.5 1.25) (layer F.Fab) (width 0.1))
    (fp_line (start -1.5 1.25) (end -1.5 -1.25) (layer F.Fab) (width 0.1))
    (fp_circle (center 0 0) (end 0.75 0) (layer F.Fab) (width 0.1))
    (pad 1 smd rect (at -1.7 0) (size 0.9 1.7) (layers F.Cu F.Paste F.Mask)
      (net 16 /BUTTON1))
    (pad 2 smd rect (at 1.7 0) (size 0.9 1.7) (layers F.Cu F.Paste F.Mask)
      (net 2 GNDREF))
    (model ${KISYS3DMOD}/Button_Switch_SMD.3dshapes/SW_SPST_B3U-1000P.wrl
      (at (xyz 0 0 0))
      (scale (xyz 1 1 1))
      (rotate (xyz 0 0 0))
    )
  )

  (module Button_Switch_SMD:SW_SPST_B3U-1000P (layer F.Cu) (tedit 5A02FC95) (tstamp 5B609758)
    (at 176.52 76.03 180)
    (descr "Ultra-small-sized Tactile Switch with High Contact Reliability, Top-actuated Model, without Ground Terminal, without Boss")
    (tags "Tactile Switch")
    (path /5B605045)
    (attr smd)
    (fp_text reference SW2 (at 0 -2.5 180) (layer F.SilkS)
      (effects (font (size 1 1) (thickness 0.15)))
    )
    (fp_text value SW_Push (at 0 2.5 180) (layer F.Fab)
      (effects (font (size 1 1) (thickness 0.15)))
    )
    (fp_circle (center 0 0) (end 0.75 0) (layer F.Fab) (width 0.1))
    (fp_line (start -1.5 1.25) (end -1.5 -1.25) (layer F.Fab) (width 0.1))
    (fp_line (start 1.5 1.25) (end -1.5 1.25) (layer F.Fab) (width 0.1))
    (fp_line (start 1.5 -1.25) (end 1.5 1.25) (layer F.Fab) (width 0.1))
    (fp_line (start -1.5 -1.25) (end 1.5 -1.25) (layer F.Fab) (width 0.1))
    (fp_line (start 1.65 -1.4) (end 1.65 -1.1) (layer F.SilkS) (width 0.12))
    (fp_line (start -1.65 -1.4) (end 1.65 -1.4) (layer F.SilkS) (width 0.12))
    (fp_line (start -1.65 -1.1) (end -1.65 -1.4) (layer F.SilkS) (width 0.12))
    (fp_line (start 1.65 1.4) (end 1.65 1.1) (layer F.SilkS) (width 0.12))
    (fp_line (start -1.65 1.4) (end 1.65 1.4) (layer F.SilkS) (width 0.12))
    (fp_line (start -1.65 1.1) (end -1.65 1.4) (layer F.SilkS) (width 0.12))
    (fp_line (start -2.4 -1.65) (end -2.4 1.65) (layer F.CrtYd) (width 0.05))
    (fp_line (start 2.4 -1.65) (end -2.4 -1.65) (layer F.CrtYd) (width 0.05))
    (fp_line (start 2.4 1.65) (end 2.4 -1.65) (layer F.CrtYd) (width 0.05))
    (fp_line (start -2.4 1.65) (end 2.4 1.65) (layer F.CrtYd) (width 0.05))
    (fp_text user %R (at 0 -2.5 180) (layer F.Fab)
      (effects (font (size 1 1) (thickness 0.15)))
    )
    (pad 2 smd rect (at 1.7 0 180) (size 0.9 1.7) (layers F.Cu F.Paste F.Mask)
      (net 17 /RST))
    (pad 1 smd rect (at -1.7 0 180) (size 0.9 1.7) (layers F.Cu F.Paste F.Mask)
      (net 2 GNDREF))
    (model ${KISYS3DMOD}/Button_Switch_SMD.3dshapes/SW_SPST_B3U-1000P.wrl
      (at (xyz 0 0 0))
      (scale (xyz 1 1 1))
      (rotate (xyz 0 0 0))
    )
  )

  (module BMD-340-A-R:RIGADO_BMD-340-A-R (layer F.Cu) (tedit 5B869A9D) (tstamp 5B6097AF)
    (at 200.3298 73.8124 180)
    (path /5B604395)
    (attr smd)
    (fp_text reference U1 (at -4.1502 -6.0676 180) (layer F.SilkS)
      (effects (font (size 1 1) (thickness 0.15)))
    )
    (fp_text value BMD-340 (at -4.0702 6.4224 180) (layer F.SilkS)
      (effects (font (size 1 1) (thickness 0.15)))
    )
    (fp_line (start 7.5 -5.1) (end 7.5 5.1) (layer F.SilkS) (width 0.127))
    (fp_line (start -7.5 -5.1) (end 7.5 -5.1) (layer Dwgs.User) (width 0.127))
    (fp_line (start 7.5 -5.1) (end 7.5 5.1) (layer Dwgs.User) (width 0.127))
    (fp_line (start 7.5 5.1) (end -7.5 5.1) (layer Dwgs.User) (width 0.127))
    (fp_line (start -7.5 5.1) (end -7.5 -5.1) (layer Dwgs.User) (width 0.127))
    (fp_line (start 7.5 -5.1) (end -2.8 -5.1) (layer F.SilkS) (width 0.127))
    (fp_line (start -2.8 5.1) (end 7.5 5.1) (layer F.SilkS) (width 0.127))
    (fp_line (start -7.75 5.35) (end 7.75 5.35) (layer Eco1.User) (width 0.05))
    (fp_line (start 7.75 5.35) (end 7.75 -5.35) (layer Eco1.User) (width 0.05))
    (fp_line (start 7.75 -5.35) (end -7.75 -5.35) (layer Eco1.User) (width 0.05))
    (fp_line (start -7.75 -5.35) (end -7.75 5.35) (layer Eco1.User) (width 0.05))
    (fp_circle (center -2.85 5.5) (end -2.75 5.5) (layer F.SilkS) (width 0.2))
    (fp_circle (center -2.85 4.4) (end -2.75 4.4) (layer Dwgs.User) (width 0.2))
    (fp_poly (pts (xy -7.5327 -5.1) (xy -3.1 -5.1) (xy -3.1 5.12224) (xy -7.5327 5.12224)) (layer Dwgs.User) (width 0))
    (fp_poly (pts (xy -7.52473 -5.1) (xy -3.1 -5.1) (xy -3.1 5.11682) (xy -7.52473 5.11682)) (layer Dwgs.User) (width 0))
    (pad 1 smd rect (at -2.85 4.4 180) (size 0.5 0.5) (layers F.Cu F.Paste F.Mask)
      (net 2 GNDREF))
    (pad 2 smd rect (at -2.3 3.5 180) (size 0.5 0.5) (layers F.Cu F.Paste F.Mask)
      (net 2 GNDREF))
    (pad 3 smd rect (at -1.75 4.4 180) (size 0.5 0.5) (layers F.Cu F.Paste F.Mask)
      (net 2 GNDREF))
    (pad 4 smd rect (at -1.2 3.5 180) (size 0.5 0.5) (layers F.Cu F.Paste F.Mask)
      (net 2 GNDREF))
    (pad 5 smd rect (at -0.65 4.4 180) (size 0.5 0.5) (layers F.Cu F.Paste F.Mask)
      (net 2 GNDREF))
    (pad 6 smd rect (at -0.1 3.5 180) (size 0.5 0.5) (layers F.Cu F.Paste F.Mask)
      (net 42 /P0.25))
